Matriz de Escores:

           0   1   2   3   4   5   6   7   8   9  10  11  12  13  14  15
           -   T   C   G   T   C   G   T   C   G   T   C   G   T   C   G
   0   -   0   0   0   0   0   0   0   0   0   0   0   0   0   0   0   0
   1   T   0   1   1   1   1   1   1   1   1   1   1   1   1   1   1   1
   2   T   0   1   1   1   2   2   2   2   2   2   2   2   2   2   2   2
   3   G   0   1   1   2   2   2   3   3   3   3   3   3   3   3   3   3
   4   T   0   1   1   2   3   3   3   4   4   4   4   4   4   4   4   4
   5   T   0   1   1   2   3   3   3   4   4   4   5   5   5   5   5   5
